1718
1102
2382
2354
1216
4938
2323
3711
2615
2923
2207
4961
2379
2317
1402
2395
6214
9933
2454
3231
2481
6278
3008
2002
2308
2031
2347
6269
2511
2362
2338
6271
1583
5515
3443
1101
2609
2357
4736
2355
2385
2707
8478
9905
2476
1304
1802
2356
6505
1303
1301
1326
4532
1409
2327
1227
9904
3673
2912
2371
2227
2331
3042
2451
2535
2312
2606
2489
1103
1109
4977
1582
3356
2428
2353
3189
6491
9927
1459
2611
1907
2401
4904
2375
3015
3032
1530
3022
1608
9918
2359
1717
1312
2472
2345
2436
2332
3014
8499
2545
6412
2376
2618
9908
2492
3704
1437
2439
1463
3010
5269
6579
1305
3026
2303
2607
2316
2393
9924
3023
1517
1231
4306
3592
1419
2201
3003
2474
2390
4585
8261
5469
6128
2360
2493
1321
1609
3481
1308
1309
3049
1722
1726
8163
2305
2458
1533
1723
2908
8016
2477
1314
1737
2377
6191
2388
2614
2514
8367
5434
1612
1217
3056
1218
1617
2228
4438
6257
3545
8341
6951
1229
2352
2488
2459
6277
3622
1444
2027
5283
1310
1513
3576
3029
2753
4441
2903
2723
3266
1447
4930
5292
6139
1725
1810
9925
2231
8110
2420
2404
1110
2012
6202
6115
2330
2509
1477
3031
2104
2344
2610
2101
3533
3038
2906
2313
2349
3376
2727
2415
2520
6670
3308
1325
6456
4952
6197
6165
1720
2034
6285
3050
1445
2324
6715
2601
6108
1529
2486
1339
1316
8466
2302
8473
2109
2399
2010
1201
4746
2373
2546
4119
1307
1220
2413
2006
2702
3588
4934
2204
1234
3037
8070
3059
1452
8249
5203
5215
2020
3002
2423
3607
2636
1709
1440
9926
6706
6189
6689
8150
3092
9917
1528
6414
3705
5471
6155
9914
6205
6216
1537
3024
5607
2478
1535
2498
4148
3679
2417
2402
1905
1417
2107
2409
2387
5533
8039
3701
2108
5530
6188
8069
8059
3218
5392
4506
4933
4714
5371
6664
3479
3260
8299
8942
4905
5536
5465
6803
4114
3624
3680
3163
2745
6207
8354
6617
5236
1785
5213
5511
5209
5274
8415
8042
6292
4716
1815
8054
6462
8917
3551
8390
8938
3211
4123
6125
8043
8240
6739
6679
5520
5212
8027
5512
8446
3213
4205
6568
5410
6185
6121
6138
3105
4121
6761
6203
6156
6279
8284
4533
5353
4549
5347
6643
8383
6732
6111
8227
4128
4107
6411
3293
5493
8929
5328
8109
6265
6129
6904
1259
6173
6548
1268
6577
8074
5011
6684
5905
8182
3313
4417
7734
3594
1593
4541
6124
6499
2752
4167
4767
5263
8085
8436
